112        
98         
116        
100        
648        
598        
99         
607        
107        
609        
113        
610        
660        
109        
625        
110        
627        
626        
331        
628        
665        
114        
640        
11377      
638        
637        
632        
946        
102        
118        
952        
240        
115        
122        
643        
658        
642        
656        
231        
669        
120        
611        
967        
641        
295        
661        
104        
614        
620        
622        
651        
633        
635        
106        
624        
108        
621        
654        
671        
664        
448        
451        
450        
449        
595        
599        
644        
608        
667        
700        
105        
121        
616        
649        
623        
117        
618        
655        
650        
101        
248        
600        
629        
612        
111        
601        
603        
339        
604        
606        
652        
596        
230        
592        
97         
630        
593        
594        
653        
119        
613        
668        
674        
673        
597        
657        
634        
615        
865        
860        
712        
716        
720        
721        
774        
124        
8214       
46         
8255       
805        
812        
688        
825        
796        
799        
800        
776        
829        
809        
815        
734        
602        
804        
816        
828        
695        
690        
736        
740        
820        
619        
797        
798        
792        
793        
810        
826        
827        
771        
8319       
737        
794        
779        
769        
772        
768        
783        
8595       
8593       
780        
770        
7620       
7621       
7624       
8599       
2198
